n_s=1/1, n_t=1/1
Params used:
lambda_s: 100.000000
lambda_t: 0.000100
dt_u: 4.961684e-04
dt_v: 3.566231e-04
