n_s=1/1, n_t=1/1
Params used:
lambda_s: 100.000000
lambda_t: 0.000100
dt_u: 4.961684e-04
dt_v: 3.566231e-04
Flow range for u: -7.394619 to 5.672186
Flow range for v: -6.425450 to 7.242908
Max flow magnitude: 7.570672
RMSE_u: 10.595832
RMSE_v: 3.624975

